chr	rs	ps	n_miss	alpha	beta	gamma
-9	PeexScf10924-12308	-9	0	9.718232e-07	2.118040e-02	2.000000e-05
-9	PeexScf10924-8321	-9	0	6.748000e-07	0.000000e+00	0.000000e+00
-9	PeexScf10924-12400	-9	0	-1.802404e-07	2.571872e-02	4.000000e-05
-9	PeexScf10924-9790	-9	0	-2.969879e-07	0.000000e+00	0.000000e+00
-9	PeexScf05485-15955	-9	0	-4.117354e-07	-1.205958e-01	1.000000e-04
-9	PeexScf05485-15932	-9	0	2.509808e-07	1.682612e-01	5.000000e-06
-9	PeexScf07097-32591	-9	0	1.663586e-07	0.000000e+00	0.000000e+00
-9	PeexScf07097-7445	-9	0	1.261634e-06	0.000000e+00	0.000000e+00
-9	PeexScf07097-33078	-9	0	5.709054e-08	0.000000e+00	0.000000e+00
-9	PeexScf07097-28460	-9	0	6.187173e-07	8.820979e-02	5.000000e-06
-9	PeexScf07097-6812	-9	0	1.407233e-06	0.000000e+00	0.000000e+00
-9	PeexScf07097-33010	-9	0	9.747046e-07	0.000000e+00	0.000000e+00
-9	PeexScf07097-32584	-9	0	7.421331e-07	3.871676e-02	3.500000e-05
-9	PeexScf07097-6997	-9	0	2.689426e-07	0.000000e+00	0.000000e+00
-9	PeexScf07097-32632	-9	0	6.697598e-07	0.000000e+00	0.000000e+00
-9	PeexScf07097-32617	-9	0	4.054116e-07	0.000000e+00	0.000000e+00
-9	PeexScf07097-33094	-9	0	5.101355e-07	-1.882923e-02	5.000000e-06
-9	PeexScf07097-32997	-9	0	9.164510e-07	0.000000e+00	0.000000e+00
-9	PeexScf07097-6925	-9	0	7.565732e-07	0.000000e+00	0.000000e+00
-9	PeexScf07097-33003	-9	0	9.557121e-07	8.254873e-02	1.000000e-05
-9	PeexScf07097-6799	-9	0	1.321617e-06	5.569005e-02	5.000000e-06
-9	PeexScf07097-6690	-9	0	2.821568e-06	5.278076e-02	7.500000e-05
-9	PeexScf07097-32500	-9	0	8.254671e-07	0.000000e+00	0.000000e+00
-9	PeexScf07097-58191	-9	0	2.808260e-07	0.000000e+00	0.000000e+00
-9	PeexScf07097-17484	-9	0	-1.106110e-07	0.000000e+00	0.000000e+00
-9	PeexScf07097-6945	-9	0	7.705341e-07	-3.392870e-03	1.000000e-05
-9	PeexScf07097-6320	-9	0	1.605190e-06	4.458606e-02	2.500000e-05
-9	PeexScf07097-32509	-9	0	1.063235e-06	0.000000e+00	0.000000e+00
-9	PeexScf07097-58374	-9	0	1.876194e-06	0.000000e+00	0.000000e+00
-9	PeexScf07097-13681	-9	0	9.847643e-07	1.764656e-01	1.000000e-05
-9	PeexScf07097-33124	-9	0	3.012170e-07	2.396266e-01	5.000000e-06
-9	PeexScf07097-32593	-9	0	1.960667e-07	-5.942034e-03	1.000000e-05
-9	PeexScf07097-32619	-9	0	4.199051e-07	8.105476e-03	5.000000e-06
-9	PeexScf07097-7422	-9	0	-2.392630e-07	3.198986e-02	1.500000e-05
-9	PeexScf07097-3688	-9	0	-4.889264e-07	3.290462e-02	1.000000e-05
-9	PeexScf07097-58184	-9	0	3.401590e-07	0.000000e+00	0.000000e+00
-9	PeexScf07097-7034	-9	0	5.733309e-07	2.704586e-02	2.000000e-05
-9	PeexScf07097-33034	-9	0	-7.329183e-07	-1.334720e-02	4.500000e-05
-9	PeexScf07097-18397	-9	0	-2.125737e-06	-5.056542e-02	1.000000e-05
-9	PeexScf07097-7419	-9	0	9.920051e-07	9.973485e-03	8.500000e-05
-9	PeexScf07097-33004	-9	0	9.553052e-07	0.000000e+00	0.000000e+00
-9	PeexScf07097-6805	-9	0	1.471817e-06	2.523732e-02	2.000000e-05
-9	PeexScf07097-58246	-9	0	-3.022107e-07	0.000000e+00	0.000000e+00
-9	PeexScf07097-2249	-9	0	-6.948320e-07	0.000000e+00	0.000000e+00
-9	PeexScf07097-6760	-9	0	2.072848e-06	1.128134e-01	2.500000e-05
-9	PeexScf07097-6740	-9	0	1.900808e-06	1.582359e-01	1.350000e-04
-9	PeexScf07097-32980	-9	0	1.425537e-06	1.799251e-02	1.000000e-05
-9	PeexScf07097-32561	-9	0	1.082511e-06	7.040544e-02	1.000000e-05
-9	PeexScf07097-33011	-9	0	9.108613e-07	-8.559403e-02	5.000000e-06
-9	PeexScf07097-32497	-9	0	4.693196e-07	0.000000e+00	0.000000e+00
-9	PeexScf07097-33007	-9	0	9.555988e-07	0.000000e+00	0.000000e+00
-9	PeexScf07097-6949	-9	0	7.444818e-07	-2.206754e-02	1.000000e-05
-9	PeexScf07097-32577	-9	0	9.135257e-07	1.473162e-02	1.350000e-04
-9	PeexScf07097-32996	-9	0	9.330714e-07	1.077357e-02	1.500000e-05
-9	PeexScf07097-6991	-9	0	2.056081e-07	0.000000e+00	0.000000e+00
-9	PeexScf07097-6703	-9	0	1.328741e-06	8.931665e-02	2.500000e-05
-9	PeexScf07097-36181	-9	0	-3.734603e-07	0.000000e+00	0.000000e+00
-9	PeexScf07097-33100	-9	0	5.156917e-07	0.000000e+00	0.000000e+00
-9	PeexScf07097-58189	-9	0	2.098080e-07	2.079389e-03	9.500000e-05
-9	PeexScf07097-6746	-9	0	2.095138e-06	1.759379e-01	5.000000e-06
-9	PeexScf07097-32623	-9	0	3.911406e-07	0.000000e+00	0.000000e+00
-9	PeexScf07097-6815	-9	0	1.306465e-06	3.532007e-02	1.000000e-05
-9	PeexScf07097-6297	-9	0	8.737532e-07	1.002351e-01	5.000000e-06
-9	PeexScf07097-32511	-9	0	9.674814e-07	0.000000e+00	0.000000e+00
-9	PeexScf07097-32524	-9	0	1.657447e-06	-1.351517e-02	1.000000e-05
-9	PeexScf07097-33091	-9	0	4.632989e-07	-1.589917e-01	5.000000e-06
-9	PeexScf07097-33136	-9	0	9.061803e-07	2.615883e-02	1.000000e-05
-9	PeexScf07097-7433	-9	0	1.046924e-06	0.000000e+00	0.000000e+00
-9	PeexScf07097-6804	-9	0	1.486782e-06	2.765275e-01	5.000000e-06
-9	PeexScf07097-32543	-9	0	1.780532e-06	1.635597e-01	3.500000e-05
-9	PeexScf07097-6986	-9	0	2.111060e-07	9.365927e-03	4.000000e-05
-9	PeexScf07097-32659	-9	0	-7.627659e-08	-1.610432e-02	5.000000e-06
-9	PeexScf07097-6701	-9	0	2.276608e-06	7.755609e-02	3.000000e-05
-9	PeexScf07097-6695	-9	0	2.194914e-06	0.000000e+00	0.000000e+00
-9	PeexScf07097-32554	-9	0	2.358070e-06	6.898310e-02	5.000000e-06
-9	PeexScf07097-33028	-9	0	-2.035083e-07	-2.244665e-03	3.500000e-05
-9	PeexScf07097-6767	-9	0	2.067574e-06	0.000000e+00	0.000000e+00
-9	PeexScf07097-32557	-9	0	1.873506e-06	3.618720e-02	2.000000e-05
-9	PeexScf07097-33073	-9	0	-3.567959e-07	-4.893984e-02	1.500000e-05
-9	PeexScf07097-32518	-9	0	8.104173e-07	0.000000e+00	0.000000e+00
-9	PeexScf07097-84055	-9	0	9.897185e-07	0.000000e+00	0.000000e+00
-9	PeexScf07097-84075	-9	0	8.149067e-07	0.000000e+00	0.000000e+00
-9	PeexScf07097-6962	-9	0	2.198584e-07	-2.055071e-03	5.000000e-05
-9	PeexScf07097-17744	-9	0	-6.151461e-07	-3.194507e-01	1.500000e-05
-9	PeexScf07097-32971	-9	0	1.737968e-06	1.164879e-01	4.500000e-05
-9	PeexScf07097-6806	-9	0	1.465245e-06	2.676003e-02	3.000000e-05
-9	PeexScf07097-32537	-9	0	2.088715e-06	2.056111e-02	1.000000e-05
-9	PeexScf07097-6969	-9	0	5.505615e-08	0.000000e+00	0.000000e+00
-9	PeexScf07097-32521	-9	0	1.214777e-06	0.000000e+00	0.000000e+00
-9	PeexScf07097-6995	-9	0	2.338050e-07	0.000000e+00	0.000000e+00
-9	PeexScf07097-32985	-9	0	1.430403e-06	0.000000e+00	0.000000e+00
-9	PeexScf07097-32498	-9	0	6.117117e-07	0.000000e+00	0.000000e+00
-9	PeexScf07097-22361	-9	0	5.229979e-07	-1.401355e-01	5.000000e-06
-9	PeexScf07097-33121	-9	0	3.249083e-07	1.146824e-01	3.000000e-05
-9	PeexScf07097-32862	-9	0	-7.962571e-08	0.000000e+00	0.000000e+00
-9	PeexScf07097-6766	-9	0	2.031618e-06	0.000000e+00	0.000000e+00
-9	PeexScf07097-58320	-9	0	-1.450660e-06	2.729222e-02	5.000000e-06
-9	PeexScf07097-6308	-9	0	1.235001e-06	1.946493e-01	5.000000e-06
-9	PeexScf07097-7375	-9	0	1.699926e-07	0.000000e+00	0.000000e+00
