chr	rs	ps	n_miss	allele1	allele0	af	beta	se	logl_H1	l_remle	l_mle	p_wald	p_lrt	p_score
-9	Chr09545-23582	-9	0	C	G	0.103	2.430332e+00	7.689461e+00	-3.010798e+02	1.000000e+05	1.000000e+05	7.529394e-01	7.484959e-01	7.495838e-01
-9	Chr09545-13462	-9	0	C	G	0.104	7.791166e+00	8.286054e+00	-3.006789e+02	1.000000e+05	1.000000e+05	3.504545e-01	3.415639e-01	3.465508e-01
-9	Chr09545-14756	-9	0	C	T	0.111	7.469241e+00	8.582866e+00	-3.007434e+02	1.000000e+05	1.000000e+05	3.872710e-01	3.785003e-01	3.829769e-01
-9	Chr09545-21947	-9	0	A	G	0.057	1.515440e+01	1.297026e+01	-3.004353e+02	1.000000e+05	1.000000e+05	2.467877e-01	2.381066e-01	2.446274e-01
-9	Chr08050-13465	-9	0	G	A	0.056	-1.239300e+01	9.183055e+00	-3.002059e+02	1.000000e+05	1.000000e+05	1.817025e-01	1.737119e-01	1.811439e-01
-9	Chr08050-12699	-9	0	T	C	0.115	-7.406612e+00	6.944677e+00	-3.005504e+02	1.000000e+05	1.000000e+05	2.900183e-01	2.811383e-01	2.870112e-01
-9	Chr08050-13480	-9	0	G	A	0.074	-3.185720e+00	1.089567e+01	-3.010872e+02	1.000000e+05	1.000000e+05	7.708965e-01	7.667556e-01	7.677450e-01
-9	Chr08050-13461	-9	0	A	T	0.152	1.053359e+00	5.132984e+00	-3.011095e+02	1.000000e+05	1.000000e+05	8.380273e-01	8.350561e-01	8.357132e-01
-9	Chr08050-9780	-9	0	A	T	0.318	-5.835490e+00	4.491316e+00	-3.002727e+02	1.000000e+05	1.000000e+05	1.983001e-01	1.900813e-01	1.972970e-01
-9	Chr08050-13460	-9	0	A	T	0.150	-1.262572e+00	5.690750e+00	-3.011058e+02	1.000000e+05	1.000000e+05	8.250948e-01	8.218941e-01	8.226113e-01
-9	Chr08050-11934	-9	0	T	C	0.103	5.473644e-01	9.479737e+00	-3.011295e+02	1.000000e+05	1.000000e+05	9.541272e-01	9.532745e-01	9.534495e-01
-9	Chr08050-12826	-9	0	C	T	0.280	-1.052341e+00	4.440051e+00	-3.011023e+02	1.000000e+05	1.000000e+05	8.133714e-01	8.099643e-01	8.107375e-01
-9	Chr08050-9787	-9	0	T	A	0.154	-2.445557e+00	5.654161e+00	-3.010350e+02	1.000000e+05	1.000000e+05	6.667500e-01	6.609328e-01	6.625643e-01
-9	Chr08050-12793	-9	0	T	A	0.291	-7.631312e-01	4.344779e+00	-3.011153e+02	1.000000e+05	1.000000e+05	8.611040e-01	8.585463e-01	8.591001e-01
-9	Chr08050-13225	-9	0	A	G	0.170	1.319146e-01	5.054839e+00	-3.011308e+02	1.000000e+05	1.000000e+05	9.792578e-01	9.788719e-01	9.789507e-01
-9	Chr08050-13353	-9	0	A	T	0.069	-1.015073e+01	9.299378e+00	-3.005230e+02	1.000000e+05	1.000000e+05	2.789412e-01	2.700953e-01	2.761344e-01
-9	Chr08050-13048	-9	0	G	A	0.086	-1.242234e+00	8.603507e+00	-3.011204e+02	1.000000e+05	1.000000e+05	8.856284e-01	8.835151e-01	8.839640e-01
-9	Chr08050-13464	-9	0	C	T	0.151	1.143108e+00	5.152354e+00	-3.011058e+02	1.000000e+05	1.000000e+05	8.250967e-01	8.218961e-01	8.226132e-01
-9	Chr08050-13271	-9	0	C	T	0.307	-1.243204e+00	4.571260e+00	-3.010931e+02	1.000000e+05	1.000000e+05	7.864884e-01	7.826141e-01	7.835216e-01
-9	Chr08050-13467	-9	0	T	A	0.059	2.479692e+00	9.899608e+00	-3.010989e+02	1.000000e+05	1.000000e+05	8.029797e-01	7.993909e-01	8.002149e-01
-9	Chr08050-13484	-9	0	A	G	0.142	-1.126407e+00	6.865574e+00	-3.011173e+02	1.000000e+05	1.000000e+05	8.701731e-01	8.677792e-01	8.682937e-01
-9	Chr08050-13444	-9	0	A	G	0.206	-3.383120e+00	4.575835e+00	-3.008508e+02	1.000000e+05	1.000000e+05	4.622801e-01	4.539927e-01	4.575231e-01
-9	Chr08050-6942	-9	0	G	A	0.053	4.537377e+00	8.473840e+00	-3.009838e+02	1.000000e+05	1.000000e+05	5.941069e-01	5.872606e-01	5.894583e-01
-9	Chr08050-13294	-9	0	T	C	0.433	-2.089980e+00	4.143597e+00	-3.010004e+02	1.000000e+05	1.000000e+05	6.156436e-01	6.090879e-01	6.111063e-01
-9	Chr08050-12886	-9	0	C	T	0.058	8.834559e-01	7.291857e+00	-3.011236e+02	1.000000e+05	1.000000e+05	9.039297e-01	9.021508e-01	9.025242e-01
-9	Chr08587-5035	-9	0	T	A	0.290	9.746871e-01	5.928817e+00	-3.011173e+02	1.000000e+05	1.000000e+05	8.699126e-01	8.675140e-01	8.680296e-01
-9	Chr08587-5175	-9	0	C	G	0.070	-2.947142e+00	9.039124e+00	-3.010765e+02	1.000000e+05	1.000000e+05	7.454081e-01	7.408392e-01	7.419698e-01
-9	Chr08587-5254	-9	0	A	G	0.052	-1.638758e+01	1.722829e+01	-3.006684e+02	1.000000e+05	1.000000e+05	3.449209e-01	3.360200e-01	3.410859e-01
-9	Chr08587-5258	-9	0	C	A	0.151	-2.731866e-01	6.364158e+00	-3.011302e+02	1.000000e+05	1.000000e+05	9.658884e-01	9.652540e-01	9.653838e-01
-9	Chr08587-5461	-9	0	G	T	0.117	-4.395631e+00	6.365957e+00	-3.008865e+02	1.000000e+05	1.000000e+05	4.922711e-01	4.842531e-01	4.874433e-01
-9	Chr08587-7631	-9	0	G	T	0.268	-3.785562e+00	5.117717e+00	-3.008506e+02	1.000000e+05	1.000000e+05	4.620677e-01	4.537785e-01	4.573115e-01
-9	Chr08587-7553	-9	0	T	C	0.250	-4.926646e+00	5.653678e+00	-3.007424e+02	1.000000e+05	1.000000e+05	3.866446e-01	3.778711e-01	3.823562e-01
-9	Chr08587-7777	-9	0	G	A	0.057	3.465543e-01	1.230709e+01	-3.011308e+02	1.000000e+05	1.000000e+05	9.776191e-01	9.772027e-01	9.772877e-01
-9	Chr08587-5068	-9	0	G	C	0.306	1.304851e+00	6.177291e+00	-3.011082e+02	1.000000e+05	1.000000e+05	8.333462e-01	8.302917e-01	8.309704e-01
-9	Chr08587-5058	-9	0	C	T	0.300	1.051923e+00	6.027033e+00	-3.011155e+02	1.000000e+05	1.000000e+05	8.619721e-01	8.594300e-01	8.599801e-01
-9	Chr08587-8245	-9	0	A	G	0.139	-2.749605e+00	6.524972e+00	-3.010399e+02	1.000000e+05	1.000000e+05	6.748140e-01	6.691190e-01	6.706941e-01
-9	Chr08587-7542	-9	0	C	T	0.257	-3.878030e+00	5.516942e+00	-3.008777e+02	1.000000e+05	1.000000e+05	4.845341e-01	4.764429e-01	4.797188e-01
-9	Chr08587-5539	-9	0	A	G	0.065	1.743675e+01	1.118200e+01	-2.999013e+02	1.000000e+05	1.000000e+05	1.236228e-01	1.167926e-01	1.247753e-01
-9	Chr08587-5203	-9	0	A	G	0.202	-4.591223e+00	5.959630e+00	-3.008269e+02	1.000000e+05	1.000000e+05	4.437782e-01	4.353449e-01	4.390963e-01
-9	Chr08587-5599	-9	0	T	C	0.155	6.262963e+00	6.052212e+00	-3.005841e+02	1.000000e+05	1.000000e+05	3.044727e-01	2.955641e-01	3.012212e-01
-9	Chr08587-5193	-9	0	C	T	0.301	-2.792624e+00	5.073186e+00	-3.009755e+02	1.000000e+05	1.000000e+05	5.838295e-01	5.768492e-01	5.791361e-01
-9	Chr08587-5976	-9	0	T	C	0.056	-7.929552e+00	1.224745e+01	-3.009160e+02	1.000000e+05	1.000000e+05	5.195562e-01	5.118156e-01	5.147157e-01
-9	Chr08587-7988	-9	0	A	G	0.053	-1.400392e-01	1.299071e+01	-3.011311e+02	1.000000e+05	1.000000e+05	9.914310e-01	9.912716e-01	9.913041e-01
-9	Chr08587-7588	-9	0	G	A	0.250	-4.382192e+00	5.115118e+00	-3.007553e+02	1.000000e+05	1.000000e+05	3.946569e-01	3.859203e-01	3.902979e-01
-9	Chr08587-8244	-9	0	G	C	0.153	9.929770e-01	6.013777e+00	-3.011171e+02	1.000000e+05	1.000000e+05	8.693490e-01	8.669402e-01	8.674583e-01
-9	Chr08587-5227	-9	0	A	G	0.156	4.171968e+00	6.535114e+00	-3.009219e+02	1.000000e+05	1.000000e+05	5.253943e-01	5.177168e-01	5.205571e-01
-9	Chr08587-7916	-9	0	T	C	0.170	-1.021736e+00	6.831800e+00	-3.011197e+02	1.000000e+05	1.000000e+05	8.815643e-01	8.793770e-01	8.798430e-01
-9	Chr07970-10409	-9	0	A	G	0.055	-2.925218e+00	1.377566e+01	-3.011080e+02	1.000000e+05	1.000000e+05	8.324812e-01	8.294113e-01	8.300940e-01
-9	Chr07970-6986	-9	0	T	G	0.061	-4.437977e+00	1.259075e+01	-3.010673e+02	1.000000e+05	1.000000e+05	7.255853e-01	7.206907e-01	7.219379e-01
-9	Chr07970-19190	-9	0	A	G	0.071	3.023781e+00	1.008526e+01	-3.010849e+02	1.000000e+05	1.000000e+05	7.652413e-01	7.610045e-01	7.620245e-01
-9	Chr07970-22049	-9	0	G	A	0.452	6.611694e+00	6.196324e+00	-3.005498e+02	1.000000e+05	1.000000e+05	2.897859e-01	2.809064e-01	2.867828e-01
-9	Chr07970-6845	-9	0	A	G	0.082	-2.475268e+00	1.095201e+01	-3.011049e+02	1.000000e+05	1.000000e+05	8.218814e-01	8.186239e-01	8.193563e-01
-9	Chr07970-21530	-9	0	T	C	0.349	-1.443825e+00	6.146313e+00	-3.011028e+02	1.000000e+05	1.000000e+05	8.149957e-01	8.116171e-01	8.123824e-01
-9	Chr07970-22175	-9	0	C	T	0.501	-3.057704e+00	5.164274e+00	-3.009511e+02	1.000000e+05	1.000000e+05	5.557846e-01	5.484554e-01	5.509979e-01
-9	Chr07970-19314	-9	0	C	T	0.439	4.122208e+00	5.780081e+00	-3.008703e+02	1.000000e+05	1.000000e+05	4.782143e-01	4.700652e-01	4.734121e-01
-9	Chr07970-22358	-9	0	G	A	0.078	-3.715976e-01	1.014704e+01	-3.011305e+02	1.000000e+05	1.000000e+05	9.708959e-01	9.703545e-01	9.704652e-01
-9	Chr07970-20638	-9	0	T	C	0.159	4.515211e+00	6.787933e+00	-3.009041e+02	1.000000e+05	1.000000e+05	5.082174e-01	5.003579e-01	5.033763e-01
-9	Chr07970-10239	-9	0	A	G	0.088	2.019488e+01	7.720031e+00	-2.977780e+02	1.952918e+04	1.000000e+05	1.098601e-02	9.606611e-03	1.383497e-02
-9	Chr07970-19603	-9	0	A	C	0.433	3.746010e+00	6.215449e+00	-3.009446e+02	1.000000e+05	1.000000e+05	5.487473e-01	5.413346e-01	5.439441e-01
-9	Chr10332-14984	-9	0	A	G	0.076	-4.366771e+00	9.052520e+00	-3.010116e+02	1.000000e+05	1.000000e+05	6.311070e-01	6.247678e-01	6.266635e-01
-9	Chr10332-14970	-9	0	A	C	0.061	1.124034e+01	1.024483e+01	-3.005168e+02	1.000000e+05	1.000000e+05	2.764939e-01	2.676571e-01	2.737329e-01
-9	Chr10332-14866	-9	0	A	G	0.062	1.033907e+01	1.157998e+01	-3.007231e+02	1.000000e+05	1.000000e+05	3.751384e-01	3.663187e-01	3.709605e-01
-9	Chr04582-13068	-9	0	C	T	0.081	4.278996e+00	7.860627e+00	-3.009789e+02	1.000000e+05	1.000000e+05	5.880023e-01	5.810760e-01	5.833264e-01
-9	Chr02352-8282	-9	0	C	T	0.053	-1.027820e+01	1.132494e+01	-3.007096e+02	1.000000e+05	1.000000e+05	3.673572e-01	3.585109e-01	3.632602e-01
-9	Chr02352-8317	-9	0	C	A	0.076	-3.978260e+00	9.347929e+00	-3.010380e+02	1.000000e+05	1.000000e+05	6.717803e-01	6.660392e-01	6.676354e-01
-9	Chr02352-7711	-9	0	A	G	0.152	-3.088727e+00	6.929689e+00	-3.010290e+02	1.000000e+05	1.000000e+05	6.572338e-01	6.512743e-01	6.529739e-01
-9	Chr02352-8531	-9	0	A	G	0.158	-1.580365e+00	8.007107e+00	-3.011111e+02	1.000000e+05	1.000000e+05	8.441353e-01	8.412730e-01	8.419023e-01
-9	Chr02352-8996	-9	0	C	T	0.055	-1.903870e-01	1.147760e+01	-3.011310e+02	1.000000e+05	1.000000e+05	9.868148e-01	9.865695e-01	9.866195e-01
-9	Chr02352-8421	-9	0	C	T	0.156	-3.617012e-01	6.419734e+00	-3.011295e+02	1.000000e+05	1.000000e+05	9.552370e-01	9.544049e-01	9.545756e-01
-9	Chr02352-8726	-9	0	T	C	0.147	-3.761932e-01	7.080444e+00	-3.011297e+02	1.000000e+05	1.000000e+05	9.577854e-01	9.570006e-01	9.571615e-01
-9	Chr02352-7461	-9	0	T	C	0.119	-2.411091e+00	7.648135e+00	-3.010800e+02	1.000000e+05	1.000000e+05	7.535500e-01	7.491167e-01	7.502012e-01
-9	Chr08087-57655	-9	0	A	C	0.193	6.471261e+00	7.899479e+00	-3.007873e+02	1.000000e+05	1.000000e+05	4.155763e-01	4.069531e-01	4.110571e-01
-9	Chr08087-111733	-9	0	A	G	0.050	-4.878764e-01	6.667406e+00	-3.011284e+02	1.000000e+05	1.000000e+05	9.418862e-01	9.408067e-01	9.410291e-01
-9	Chr08087-57229	-9	0	C	T	0.192	9.660401e+00	7.211031e+00	-3.002192e+02	1.000000e+05	1.000000e+05	1.848791e-01	1.768417e-01	1.842337e-01
-9	Chr08087-57677	-9	0	A	T	0.199	9.936839e+00	7.444598e+00	-3.002258e+02	1.000000e+05	1.000000e+05	1.864692e-01	1.784090e-01	1.857806e-01
-9	Chr08087-56497	-9	0	G	A	0.151	1.257575e+01	7.418062e+00	-2.996821e+02	1.000000e+05	1.000000e+05	9.466375e-02	8.868559e-02	9.670886e-02
-9	Chr08087-62403	-9	0	A	G	0.056	-3.178136e+00	1.318811e+01	-3.011013e+02	1.000000e+05	1.000000e+05	8.103028e-01	8.068418e-01	8.076299e-01
-9	Chr08087-56193	-9	0	C	T	0.068	-5.930411e+00	1.144779e+01	-3.009933e+02	1.000000e+05	1.000000e+05	6.061369e-01	5.994513e-01	6.015476e-01
-9	Chr08087-60360	-9	0	C	T	0.066	3.707974e+00	1.246265e+01	-3.010856e+02	1.000000e+05	1.000000e+05	7.669848e-01	7.627776e-01	7.637881e-01
-9	Chr08087-57573	-9	0	A	T	0.184	1.275426e+01	7.483901e+00	-2.996671e+02	1.000000e+05	1.000000e+05	9.297265e-02	8.705150e-02	9.506893e-02
-9	Chr08087-61982	-9	0	G	T	0.122	-3.639226e+00	8.137472e+00	-3.010283e+02	1.000000e+05	1.000000e+05	6.561600e-01	6.501845e-01	6.518919e-01
-9	Chr08087-60075	-9	0	A	T	0.139	1.712846e+00	7.744258e+00	-3.011060e+02	1.000000e+05	1.000000e+05	8.256279e-01	8.224366e-01	8.231513e-01
-9	Chr08087-62042	-9	0	C	G	0.138	2.934701e+00	8.232224e+00	-3.010658e+02	1.000000e+05	1.000000e+05	7.225942e-01	7.176512e-01	7.189164e-01
-9	Chr08087-59399	-9	0	C	T	0.117	1.201060e+01	9.480314e+00	-3.003144e+02	1.000000e+05	1.000000e+05	2.095779e-01	2.012258e-01	2.082865e-01
-9	Chr08087-61933	-9	0	A	T	0.136	7.039740e-01	7.365288e+00	-3.011265e+02	1.000000e+05	1.000000e+05	9.241395e-01	9.227322e-01	9.230243e-01
-9	Chr08087-59563	-9	0	G	A	0.082	-9.107210e+00	8.335246e+00	-3.005219e+02	1.000000e+05	1.000000e+05	2.784763e-01	2.696321e-01	2.756782e-01
-9	Chr08087-60304	-9	0	A	G	0.198	9.687368e+00	7.549534e+00	-3.002936e+02	1.000000e+05	1.000000e+05	2.038519e-01	1.955654e-01	2.027055e-01
-9	Chr08087-60733	-9	0	T	G	0.061	-7.911904e+00	1.105114e+01	-3.008682e+02	1.000000e+05	1.000000e+05	4.765192e-01	4.683548e-01	4.717209e-01
-9	Chr08087-57653	-9	0	A	G	0.269	6.282755e-02	7.351198e+00	-3.011311e+02	1.000000e+05	1.000000e+05	9.932063e-01	9.930799e-01	9.931057e-01
-9	Chr08087-60636	-9	0	A	G	0.062	7.054783e+00	8.717751e+00	-3.007956e+02	1.000000e+05	1.000000e+05	4.212397e-01	4.126513e-01	4.166830e-01
-9	Chr05308-5975	-9	0	A	C	0.059	-6.111104e+00	1.013664e+01	-3.009445e+02	1.000000e+05	1.000000e+05	5.486287e-01	5.412146e-01	5.438252e-01
-9	Chr05308-5808	-9	0	C	T	0.430	5.319291e+00	5.185148e+00	-3.005935e+02	1.000000e+05	1.000000e+05	3.086422e-01	2.997285e-01	3.053238e-01
-9	Chr05308-4454	-9	0	A	G	0.087	-2.840513e+00	5.739486e+00	-3.010053e+02	1.000000e+05	1.000000e+05	6.222847e-01	6.158212e-01	6.177863e-01
-9	Chr05308-6038	-9	0	A	T	0.052	6.998137e+00	1.155821e+01	-3.009429e+02	1.000000e+05	1.000000e+05	5.469132e-01	5.394790e-01	5.421061e-01
-9	Chr08420-18482	-9	0	C	T	0.053	4.548623e+00	1.013554e+01	-3.010276e+02	1.000000e+05	1.000000e+05	6.550388e-01	6.490467e-01	6.507623e-01
-9	Chr08420-20284	-9	0	C	T	0.161	4.840160e-01	6.511661e+00	-3.011283e+02	1.000000e+05	1.000000e+05	9.409688e-01	9.398723e-01	9.400983e-01
-9	Chr08420-18000	-9	0	T	C	0.273	4.750418e+00	5.944180e+00	-3.008039e+02	1.000000e+05	1.000000e+05	4.270152e-01	4.184641e-01	4.224228e-01
-9	Chr08420-22943	-9	0	T	A	0.258	1.109858e+00	7.780238e+00	-3.011207e+02	1.000000e+05	1.000000e+05	8.869940e-01	8.849056e-01	8.853488e-01
-9	Chr08420-6506	-9	0	C	T	0.325	1.192526e+00	7.028956e+00	-3.011163e+02	1.000000e+05	1.000000e+05	8.657895e-01	8.633163e-01	8.638497e-01
